0 -> 11,159,2215,3,374
1 -> 0,19
10 -> 1151,12
100 -> 26
1000 -> 1001
1001 -> 992
1002 -> 1000
1003 -> 488
1004 -> 1005
1005 -> 1003
1006 -> 1084,842
1007 -> 1006
1008 -> 1007
1009 -> 1915,386
101 -> 102,2488
1010 -> 1011
1011 -> 1009,2170
1012 -> 1014
1013 -> 366
1014 -> 1013,1083
1015 -> 1017
1016 -> 70
1017 -> 1016
1018 -> 1244,583
1019 -> 1018,2780
102 -> 100,912
1020 -> 1019,1042
1021 -> 1022,1985,2448,2664
1022 -> 2907,896
1023 -> 1021
1024 -> 1026
1025 -> 1024,2713
1026 -> 399
1027 -> 795
1028 -> 1027
1029 -> 1028,2322,2607
103 -> 104,2549
1030 -> 1031
1031 -> 1032,1131,2494
1032 -> 1705,763
1033 -> 187
1034 -> 1035,1249
1035 -> 1033
1036 -> 1037
1037 -> 61
1038 -> 1036,1056,2324
1039 -> 1041
104 -> 105
1040 -> 1039
1041 -> 86
1042 -> 1043
1043 -> 1044
1044 -> 1020
1045 -> 1046
1046 -> 665
1047 -> 1045
1048 -> 1050
1049 -> 142
105 -> 99
1050 -> 1049,2958
1051 -> 1052
1052 -> 1053
1053 -> 370
1054 -> 1055,1113
1055 -> 1038,1062
1056 -> 1054
1057 -> 56
1058 -> 1059,1368
1059 -> 1057
106 -> 2766,31
1060 -> 1061
1061 -> 1055,1195
1062 -> 1060
1063 -> 653
1064 -> 1063,2533
1065 -> 1064
1066 -> 1068
1067 -> 990
1068 -> 1067
1069 -> 1070,1873
107 -> 108,1563
1070 -> 229
1071 -> 1069
1072 -> 1073
1073 -> 1611,883
1074 -> 1072
1075 -> 1077
1076 -> 822
1077 -> 1076
1078 -> 1079
1079 -> 1080,1483
108 -> 106,859
1080 -> 347
1081 -> 1082,1810
1082 -> 1014
1083 -> 1081
1084 -> 1085,2199,2730
1085 -> 1086
1086 -> 1006,1681
1087 -> 648
1088 -> 1089
1089 -> 1087
109 -> 1348,39
1090 -> 1091
1091 -> 1092,1279
1092 -> 261
1093 -> 1094,2562
1094 -> 841
1095 -> 1093
1096 -> 538
1097 -> 1096
1098 -> 1097
1099 -> 1101
11 -> 10,25,44,707,86
110 -> 109,225,228
1100 -> 1099,1952
1101 -> 1739,838
1102 -> 355
1103 -> 1104
1104 -> 1102
1105 -> 390
1106 -> 1105,2366
1107 -> 1106
1108 -> 1110
1109 -> 21
111 -> 110,213
1110 -> 1109
1111 -> 1054
1112 -> 1111
1113 -> 1112
1114 -> 2117,919
1115 -> 1116,1292
1116 -> 1114
1117 -> 169,1969,2858
1118 -> 1117
1119 -> 1118
112 -> 113,116
1120 -> 1121,2035
1121 -> 465
1122 -> 1120
1123 -> 608
1124 -> 1123
1125 -> 1124,1128
1126 -> 1125,1719,2223
1127 -> 1126
1128 -> 1127
1129 -> 1031
113 -> 114,169,285,306
1130 -> 1129
1131 -> 1130
1132 -> 398
1133 -> 1132
1134 -> 1133
1135 -> 1137,1267,2105
1136 -> 1135
1137 -> 126
1138 -> 606
1139 -> 1140,1591
114 -> 35
1140 -> 1138
1141 -> 1142,2872
1142 -> 1143
1143 -> 2871,808
1144 -> 2842,58
1145 -> 1146,1762
1146 -> 1144
1147 -> 2338,854
1148 -> 1147
1149 -> 1148,2751
115 -> 112,2048,710
1150 -> 1152
1151 -> 1150
1152 -> 10
1153 -> 1155
1154 -> 439
1155 -> 1154
1156 -> 2252,756
1157 -> 1156
1158 -> 1157,1796
1159 -> 1161
116 -> 117
1160 -> 1159
1161 -> 554
1162 -> 228
1163 -> 1162
1164 -> 1163,1168
1165 -> 1167
1166 -> 2146,473
1167 -> 1166
1168 -> 1170,1271,2480
1169 -> 1164
117 -> 115
1170 -> 1169
1171 -> 1172
1172 -> 1173
1173 -> 1247,481
1174 -> 1176
1175 -> 1174
1176 -> 676
1177 -> 1178
1178 -> 1928,293
1179 -> 1177
118 -> 119,1503,307
1180 -> 1181
1181 -> 1182
1182 -> 2419,639
1183 -> 1184,1990
1184 -> 1439,2239,80
1185 -> 1183
1186 -> 1188,1752
1187 -> 1186
1188 -> 812
1189 -> 1190
119 -> 93
1190 -> 929
1191 -> 1189
1192 -> 1193
1193 -> 745
1194 -> 1192,2272
1195 -> 1197
1196 -> 1061,1582
1197 -> 1196
1198 -> 1199,2260
1199 -> 1200
12 -> 0,2998,51
120 -> 118,779,934
1200 -> 230
1201 -> 1202
1202 -> 1203
1203 -> 521
1204 -> 248
1205 -> 1206,2636
1206 -> 1204,1743,2082
1207 -> 919
1208 -> 1207
1209 -> 1208
121 -> 39
1210 -> 1212,1578
1211 -> 1210
1212 -> 244
1213 -> 1369,44
1214 -> 1215
1215 -> 1213
1216 -> 51
1217 -> 1218
1218 -> 1216
1219 -> 1220
122 -> 121
1220 -> 1221,1520
1221 -> 637
1222 -> 459
1223 -> 1224,2083
1224 -> 1222
1225 -> 1227,1236
1226 -> 414
1227 -> 1226,2428
1228 -> 1229,2898
1229 -> 837
123 -> 122,1596
1230 -> 1228,2086
1231 -> 1232
1232 -> 1233
1233 -> 772
1234 -> 1225
1235 -> 1234
1236 -> 1235,2770,2818
1237 -> 1238
1238 -> 1239,2354
1239 -> 641
124 -> 126
1240 -> 1242
1241 -> 1488,1830,268
1242 -> 1241
1243 -> 1245
1244 -> 1243
1245 -> 1018
1246 -> 1248
1247 -> 1246,1623
1248 -> 1173
1249 -> 1251,2141,2795
125 -> 124,1674
1250 -> 1034
1251 -> 1250
1252 -> 1254
1253 -> 23
1254 -> 1253
1255 -> 1256
1256 -> 1257,2267
1257 -> 232,2644
1258 -> 1260
1259 -> 1258
126 -> 1136,175,19
1260 -> 221
1261 -> 682
1262 -> 1263
1263 -> 1261
1264 -> 476
1265 -> 1266
1266 -> 1264
1267 -> 1269
1268 -> 1135
1269 -> 1268
127 -> 129,1637
1270 -> 1272
1271 -> 1270
1272 -> 1168
1273 -> 473
1274 -> 1275
1275 -> 1273,1602
1276 -> 1277
1277 -> 312
1278 -> 1276,1571
1279 -> 1281
128 -> 165,191,202,73
1280 -> 1091
1281 -> 1280
1282 -> 1284
1283 -> 1282
1284 -> 824
1285 -> 1286,1832
1286 -> 422
1287 -> 1285
1288 -> 1290,1802,2849
1289 -> 1902,815
129 -> 128,1988
1290 -> 1289,2363
1291 -> 1115
1292 -> 1293,1914
1293 -> 1291
1294 -> 1295
1295 -> 1296
1296 -> 360
1297 -> 995
1298 -> 1299
1299 -> 1297
13 -> 14,578
130 -> 131,366
1300 -> 1301
1301 -> 753
1302 -> 1300
1303 -> 1305,1855
1304 -> 868
1305 -> 1304
1306 -> 1307
1307 -> 274
1308 -> 1306
1309 -> 1310,2656
131 -> 132,209
1310 -> 1311,2947
1311 -> 1669,673
1312 -> 1377,432
1313 -> 1312
1314 -> 1313
1315 -> 2184,506
1316 -> 1317
1317 -> 1315
1318 -> 826
1319 -> 1320
132 -> 1356,66,725
1320 -> 1318
1321 -> 1322
1322 -> 2919,876
1323 -> 1321
1324 -> 1326
1325 -> 239
1326 -> 1325,1652
1327 -> 815
1328 -> 1329
1329 -> 1327
133 -> 134
1330 -> 1331
1331 -> 1332
1332 -> 518
1333 -> 1334
1334 -> 9
1335 -> 1333
1336 -> 1338
1337 -> 1336
1338 -> 246
1339 -> 1340,1454
134 -> 22
1340 -> 1341
1341 -> 888
1342 -> 1343
1343 -> 764
1344 -> 1342
1345 -> 142
1346 -> 1345,2977
1347 -> 1346
1348 -> 1349,1458
1349 -> 1350
135 -> 133
1350 -> 109
1351 -> 1353
1352 -> 1351
1353 -> 2167,54
1354 -> 132
1355 -> 1354
1356 -> 1355,1800
1357 -> 972
1358 -> 1359,1747
1359 -> 1357
136 -> 138
1360 -> 1362
1361 -> 1360,2057
1362 -> 2100,407
1363 -> 481
1364 -> 1365
1365 -> 1363
1366 -> 1058
1367 -> 1366
1368 -> 1367
1369 -> 1370,2144
137 -> 136,840
1370 -> 1371
1371 -> 1213
1372 -> 1373
1373 -> 692
1374 -> 1372,2038,2096
1375 -> 1312,2725
1376 -> 1375,2476
1377 -> 1376,1767
1378 -> 666
1379 -> 1378
138 -> 41
1380 -> 1379
1381 -> 1383
1382 -> 402
1383 -> 1382
1384 -> 1385
1385 -> 1386
1386 -> 290
1387 -> 1389,1805
1388 -> 504
1389 -> 1388
139 -> 72
1390 -> 17
1391 -> 1390
1392 -> 1391
1393 -> 987
1394 -> 1395
1395 -> 1393
1396 -> 79
1397 -> 1396
1398 -> 1397
1399 -> 228
14 -> 15,701
140 -> 139,258
1400 -> 1399
1401 -> 1400
1402 -> 1403
1403 -> 18
1404 -> 1402
1405 -> 1406,1666
1406 -> 208
1407 -> 1405
1408 -> 527
1409 -> 1408
141 -> 140,152
1410 -> 1409,2231
1411 -> 39
1412 -> 1413
1413 -> 1411
1414 -> 521
1415 -> 1414,2597,2649
1416 -> 1415
1417 -> 1419
1418 -> 860
1419 -> 1418,2678
142 -> 1048,1347,143,634
1420 -> 1421
1421 -> 1422
1422 -> 2944,946
1423 -> 1424
1424 -> 163
1425 -> 1423
1426 -> 1428
1427 -> 1426
1428 -> 723
1429 -> 219
143 -> 144
1430 -> 1429
1431 -> 1430
1432 -> 770
1433 -> 1434,2580
1434 -> 1432,2128,2511
1435 -> 1436
1436 -> 724
1437 -> 1435
1438 -> 1440,2501
1439 -> 1438
144 -> 36
1440 -> 1184
1441 -> 566
1442 -> 1441
1443 -> 1442
1444 -> 1446
1445 -> 1450,2022,916
1446 -> 1445,2179,2798
1447 -> 863
1448 -> 1449
1449 -> 1447
145 -> 547,728,8
1450 -> 1451
1451 -> 1452
1452 -> 1445
1453 -> 1339
1454 -> 1455
1455 -> 1453
1456 -> 1348,1522,2855
1457 -> 1456
1458 -> 1457
1459 -> 1461
146 -> 145
1460 -> 1459
1461 -> 227
1462 -> 1464
1463 -> 1462,1703
1464 -> 925
1465 -> 252
1466 -> 1467
1467 -> 1465
1468 -> 1470
1469 -> 1468,2178
147 -> 146
1470 -> 325
1471 -> 1711,2422,711
1472 -> 1471,1662
1473 -> 1472
1474 -> 1475
1475 -> 2382,555
1476 -> 1474
1477 -> 161
1478 -> 1477,1774
1479 -> 1478
148 -> 52
1480 -> 1482
1481 -> 1480
1482 -> 546
1483 -> 1484
1484 -> 1485,1899
1485 -> 1079
1486 -> 1487,2207
1487 -> 1241
1488 -> 1486
1489 -> 1490
149 -> 150
1490 -> 1491,1976,2559,2785
1491 -> 725
1492 -> 329
1493 -> 1492
1494 -> 1493
1495 -> 1497
1496 -> 566
1497 -> 1496,1891
1498 -> 1499
1499 -> 943
15 -> 1728,9
150 -> 148,313
1500 -> 1498
1501 -> 1502
1502 -> 118
1503 -> 1501
1504 -> 1505
1505 -> 518
1506 -> 1504
1507 -> 86
1508 -> 1507,2414
1509 -> 1508
151 -> 141,1624,1996,378
1510 -> 1511
1511 -> 1512
1512 -> 335
1513 -> 1514
1514 -> 2026,2696,911
1515 -> 1513
1516 -> 1517,2517
1517 -> 1518,1737
1518 -> 891
1519 -> 1220
152 -> 153,565
1520 -> 1521
1521 -> 1519,2297,2961
1522 -> 1523
1523 -> 1524,1870
1524 -> 1456
1525 -> 1527,1639
1526 -> 18
1527 -> 1526
1528 -> 286
1529 -> 1530
153 -> 151
1530 -> 1528
1531 -> 1533
1532 -> 1531
1533 -> 845
1534 -> 308
1535 -> 1536,1679
1536 -> 1534
1537 -> 1538
1538 -> 354
1539 -> 1537,2789
154 -> 155,395,536
1540 -> 1588,672
1541 -> 1542
1542 -> 1540
1543 -> 1544
1544 -> 481
1545 -> 1543
1546 -> 1547
1547 -> 21
1548 -> 1546
1549 -> 1551
155 -> 156
1550 -> 2388,739
1551 -> 1550
1552 -> 1554
1553 -> 1552
1554 -> 177
1555 -> 531
1556 -> 1555
1557 -> 1556,1721,1785,1933
1558 -> 1758,65
1559 -> 1560,2654
156 -> 38
1560 -> 1558
1561 -> 1562
1562 -> 107
1563 -> 1561
1564 -> 1566
1565 -> 1564
1566 -> 512
1567 -> 1569
1568 -> 36
1569 -> 1568,1786
157 -> 158,206,470
1570 -> 1278
1571 -> 1572
1572 -> 1570
1573 -> 1647,738
1574 -> 1575
1575 -> 1573
1576 -> 1210
1577 -> 1576
1578 -> 1577
1579 -> 1580
158 -> 0
1580 -> 1581,1932,2683
1581 -> 493
1582 -> 1584
1583 -> 1196,2276
1584 -> 1583
1585 -> 1586
1586 -> 1587
1587 -> 345
1588 -> 1590
1589 -> 1540
159 -> 157,2814
1590 -> 1589
1591 -> 1593
1592 -> 1139
1593 -> 1592
1594 -> 1595
1595 -> 123
1596 -> 1594
1597 -> 1598
1598 -> 1599
1599 -> 275
16 -> 17
160 -> 162,358
1600 -> 1275
1601 -> 1600
1602 -> 1601,2971
1603 -> 20
1604 -> 1603,2853
1605 -> 1604
1606 -> 1607
1607 -> 1769,751
1608 -> 1606,2341
1609 -> 1610
161 -> 1479,160,330
1610 -> 1073
1611 -> 1609
1612 -> 1614
1613 -> 942
1614 -> 1613
1615 -> 370
1616 -> 1615
1617 -> 1616
1618 -> 1619,1835
1619 -> 523
162 -> 51
1620 -> 1618
1621 -> 1247,1878
1622 -> 1621
1623 -> 1622,2120
1624 -> 1625
1625 -> 1626
1626 -> 151
1627 -> 1629,2389
1628 -> 773
1629 -> 1628,2809
163 -> 1425,164,381
1630 -> 1632,1910
1631 -> 260
1632 -> 1631
1633 -> 93
1634 -> 1633
1635 -> 1634
1636 -> 127
1637 -> 1638
1638 -> 1636
1639 -> 1641
164 -> 128,418,462
1640 -> 1525
1641 -> 1640
1642 -> 1644
1643 -> 606
1644 -> 1643
1645 -> 1646
1646 -> 1573
1647 -> 1645
1648 -> 679
1649 -> 1650
165 -> 163,2189,769
1650 -> 1648
1651 -> 1653
1652 -> 1651,2943
1653 -> 1326
1654 -> 1655
1655 -> 1656
1656 -> 252
1657 -> 1659
1658 -> 1657
1659 -> 308
166 -> 168
1660 -> 1661
1661 -> 1472
1662 -> 1660
1663 -> 1665,1745,2951
1664 -> 180,2687
1665 -> 1664,2220
1666 -> 1668
1667 -> 1405
1668 -> 1667
1669 -> 1670
167 -> 166
1670 -> 1671
1671 -> 1311
1672 -> 125,2493
1673 -> 1672
1674 -> 1673
1675 -> 1677
1676 -> 1675
1677 -> 743
1678 -> 1680
1679 -> 1678
168 -> 85
1680 -> 1535,2461
1681 -> 1682
1682 -> 1683,2165
1683 -> 1086
1684 -> 1686
1685 -> 1684
1686 -> 760
1687 -> 1689
1688 -> 1687
1689 -> 1848,348
169 -> 1119,170,198
1690 -> 1691,1941
1691 -> 570
1692 -> 1690
1693 -> 1694
1694 -> 1695
1695 -> 317
1696 -> 1698
1697 -> 1696
1698 -> 36
1699 -> 1701
17 -> 1392,18
170 -> 171,333,357
1700 -> 747
1701 -> 1700
1702 -> 1704
1703 -> 1702
1704 -> 1463
1705 -> 1706
1706 -> 1707
1707 -> 1032
1708 -> 815
1709 -> 1708,2125,2372
171 -> 113,2051,654
1710 -> 1709
1711 -> 1713
1712 -> 1471,1922,2054
1713 -> 1712,2113
1714 -> 1715
1715 -> 1716
1716 -> 534
1717 -> 1126
1718 -> 1717
1719 -> 1718
172 -> 8
1720 -> 1557
1721 -> 1722
1722 -> 1720
1723 -> 2863,546
1724 -> 1723
1725 -> 1724
1726 -> 15,2079
1727 -> 1726
1728 -> 1727,2025
1729 -> 325
173 -> 172,218,338
1730 -> 1731
1731 -> 1729
1732 -> 1781,437
1733 -> 1732
1734 -> 1733
1735 -> 1736
1736 -> 1517
1737 -> 1735
1738 -> 1101
1739 -> 1740
174 -> 173,2242,443
1740 -> 1738
1741 -> 1742
1742 -> 1206
1743 -> 1741
1744 -> 1663
1745 -> 1746
1746 -> 1744
1747 -> 1748
1748 -> 1749
1749 -> 1358
175 -> 177,322,446
1750 -> 1186
1751 -> 1750,2845
1752 -> 1751
1753 -> 1754,2703
1754 -> 1755
1755 -> 979
1756 -> 1558
1757 -> 1756
1758 -> 1757
1759 -> 1761
176 -> 126
1760 -> 1759
1761 -> 320
1762 -> 1763
1763 -> 1764
1764 -> 1145
1765 -> 1766
1766 -> 1377
1767 -> 1765
1768 -> 1607
1769 -> 1770
177 -> 1553,176
1770 -> 1768
1771 -> 1773,2836
1772 -> 1771
1773 -> 599
1774 -> 1776,2013
1775 -> 1478,2374
1776 -> 1775
1777 -> 1778
1778 -> 2894,554
1779 -> 1777,1925,2065
178 -> 180,738
1780 -> 1732
1781 -> 1782
1782 -> 1780
1783 -> 1784
1784 -> 1557
1785 -> 1783,2581
1786 -> 1787
1787 -> 1788
1788 -> 1569
1789 -> 1790
179 -> 29
1790 -> 1791
1791 -> 20
1792 -> 948
1793 -> 1792
1794 -> 1793
1795 -> 1158
1796 -> 1797
1797 -> 1795,1959
1798 -> 1356,1955
1799 -> 1798
18 -> 1404,1525,31,42,7
180 -> 1663,179,195
1800 -> 1799
1801 -> 1288
1802 -> 1803
1803 -> 1801
1804 -> 1806,2681
1805 -> 1804
1806 -> 1387
1807 -> 687
1808 -> 1807
1809 -> 1808
181 -> 182,2832,561
1810 -> 1812
1811 -> 1081
1812 -> 1811,2970
1813 -> 478
1814 -> 1813
1815 -> 1814
1816 -> 688
1817 -> 1816
1818 -> 1817
1819 -> 1821
182 -> 85
1820 -> 1819
1821 -> 503
1822 -> 1823
1823 -> 695
1824 -> 1822
1825 -> 1827
1826 -> 1825,2828
1827 -> 485
1828 -> 1241
1829 -> 1828,1896
183 -> 181
1830 -> 1829
1831 -> 1285
1832 -> 1833
1833 -> 1831
1834 -> 1836
1835 -> 1834
1836 -> 1618
1837 -> 1839
1838 -> 954
1839 -> 1838,2920
184 -> 185,243,437
1840 -> 1841
1841 -> 1842,2255
1842 -> 2755,943
1843 -> 1844
1844 -> 390
1845 -> 1843
1846 -> 1689
1847 -> 1846
1848 -> 1847
1849 -> 1851
185 -> 20
1850 -> 325
1851 -> 1850
1852 -> 1853
1853 -> 1854
1854 -> 601
1855 -> 1857
1856 -> 1303
1857 -> 1856
1858 -> 1860,2090
1859 -> 1858,2263
186 -> 184
1860 -> 311
1861 -> 90
1862 -> 1861
1863 -> 1862
1864 -> 734
1865 -> 1864
1866 -> 1865
1867 -> 1869
1868 -> 1867
1869 -> 318
187 -> 1034,188,651
1870 -> 1872
1871 -> 1523
1872 -> 1871
1873 -> 1875
1874 -> 1069
1875 -> 1874
1876 -> 1621
1877 -> 1876
1878 -> 1877
1879 -> 1880
188 -> 189,298,716
1880 -> 314
1881 -> 1879,2600
1882 -> 1884
1883 -> 1882
1884 -> 481
1885 -> 2985,454
1886 -> 1887
1887 -> 1885
1888 -> 1889
1889 -> 288
189 -> 81
1890 -> 1888
1891 -> 1893,2986
1892 -> 1497
1893 -> 1892
1894 -> 1895,2416
1895 -> 1829
1896 -> 1894,2923
1897 -> 1898
1898 -> 1484,2768
1899 -> 1897
19 -> 125,20,38,61
190 -> 192,297
1900 -> 1901
1901 -> 1289
1902 -> 1900
1903 -> 872
1904 -> 1905
1905 -> 1903
1906 -> 1908,2030
1907 -> 1906
1908 -> 89
1909 -> 1630
191 -> 190,659
1910 -> 1911,2740
1911 -> 1909
1912 -> 1292
1913 -> 1912
1914 -> 1913
1915 -> 1917
1916 -> 1009
1917 -> 1916
1918 -> 1920
1919 -> 328
192 -> 128,233
1920 -> 1919
1921 -> 1712,2345
1922 -> 1923
1923 -> 1921
1924 -> 1926
1925 -> 1924
1926 -> 1779
1927 -> 1929
1928 -> 1927
1929 -> 1178
193 -> 194,638
1930 -> 1580,2110
1931 -> 1930
1932 -> 1931
1933 -> 1934
1934 -> 1935
1935 -> 1557
1936 -> 291
1937 -> 1938
1938 -> 1936
1939 -> 1690
194 -> 180
1940 -> 1939
1941 -> 1940
1942 -> 1944,1994
1943 -> 858
1944 -> 1943
1945 -> 1947
1946 -> 700
1947 -> 1946
1948 -> 1949
1949 -> 575
195 -> 193,336,532
1950 -> 1948
1951 -> 1953
1952 -> 1951
1953 -> 1100
1954 -> 1956,1983
1955 -> 1954
1956 -> 1798
1957 -> 1797
1958 -> 1957,2352
1959 -> 1958
196 -> 197
1960 -> 1961
1961 -> 1962
1962 -> 306
1963 -> 1964
1964 -> 1965
1965 -> 2547,699
1966 -> 875
1967 -> 1966
1968 -> 1967
1969 -> 1971
197 -> 169,529
1970 -> 1117
1971 -> 1970,2409
1972 -> 400
1973 -> 1972
1974 -> 1973
1975 -> 1977
1976 -> 1975
1977 -> 1490
1978 -> 1979
1979 -> 450
198 -> 196,901
1980 -> 1978,2064
1981 -> 1982,2249
1982 -> 1954
1983 -> 1981
1984 -> 1021
1985 -> 1986
1986 -> 1984
1987 -> 129
1988 -> 1989
1989 -> 1987
199 -> 201
1990 -> 1992
1991 -> 1183
1992 -> 1991
1993 -> 1942
1994 -> 1995
1995 -> 1993
1996 -> 1998,2304
1997 -> 151
1998 -> 1997,2711
1999 -> 837
2 -> 1
20 -> 1605,1789,186,21,2337
200 -> 90
2000 -> 2001
2001 -> 1999
2002 -> 2003
2003 -> 943
2004 -> 2002,2326
2005 -> 2007
2006 -> 2005
2007 -> 204,2061,2245,2318
2008 -> 2010
2009 -> 2708,845
201 -> 200,850
2010 -> 2009
2011 -> 1774,2103
2012 -> 2011
2013 -> 2012
2014 -> 683
2015 -> 2016
2016 -> 2014
2017 -> 2019
2018 -> 914
2019 -> 2018
202 -> 204,692
2020 -> 1445
2021 -> 2020
2022 -> 2021
2023 -> 2024
2024 -> 1728
2025 -> 2023
2026 -> 2027
2027 -> 2028
2028 -> 1514
2029 -> 2031
203 -> 128,237,646
2030 -> 2029
2031 -> 1906
2032 -> 2033
2033 -> 2034
2034 -> 2392,749
2035 -> 2037
2036 -> 1120
2037 -> 2036
2038 -> 2040
2039 -> 1374
204 -> 2006,203,230,2901,371
2040 -> 2039
2041 -> 531
2042 -> 2041
2043 -> 2042,2444
2044 -> 2046
2045 -> 313
2046 -> 2045
2047 -> 115
2048 -> 2049
2049 -> 2047
205 -> 207
2050 -> 171
2051 -> 2052
2052 -> 2050
2053 -> 1712
2054 -> 2055
2055 -> 2053
2056 -> 2058
2057 -> 2056
2058 -> 1361,2879
2059 -> 2007,2280
206 -> 205,347
2060 -> 2059
2061 -> 2060
2062 -> 2063
2063 -> 1980
2064 -> 2062,2566
2065 -> 2066
2066 -> 2067,2174
2067 -> 1779
2068 -> 716
2069 -> 2068
207 -> 157
2070 -> 2069
2071 -> 2073
2072 -> 475
2073 -> 2072
2074 -> 2075
2075 -> 2076
2076 -> 286
2077 -> 1726
2078 -> 2077
2079 -> 2078
208 -> 1407,210,828
2080 -> 2081
2081 -> 1206,2270
2082 -> 2080
2083 -> 2085
2084 -> 1223
2085 -> 2084
2086 -> 2087,2403,2460
2087 -> 2088
2088 -> 1230
2089 -> 2091
209 -> 208,613
2090 -> 2089,2186
2091 -> 1858,2438
2092 -> 2094
2093 -> 978
2094 -> 2093
2095 -> 2097,2295
2096 -> 2095
2097 -> 1374
2098 -> 2099
2099 -> 1362
21 -> 1,1108,1548
210 -> 131
2100 -> 2098
2101 -> 2102
2102 -> 2011
2103 -> 2101
2104 -> 1135
2105 -> 2106,2163
2106 -> 2104
2107 -> 2108
2108 -> 643
2109 -> 2107
211 -> 111,273
2110 -> 2111,2210
2111 -> 2112
2112 -> 1930
2113 -> 2115
2114 -> 1713
2115 -> 2114
2116 -> 2118
2117 -> 2116
2118 -> 1114
2119 -> 2121
212 -> 211,412
2120 -> 2119
2121 -> 1623
2122 -> 424
2123 -> 2124
2124 -> 2122
2125 -> 2126
2126 -> 2127
2127 -> 1709
2128 -> 2129
2129 -> 2130
213 -> 212
2130 -> 1434
2131 -> 2132
2132 -> 488
2133 -> 2131
2134 -> 2135,2410,2514
2135 -> 2136
2136 -> 235
2137 -> 2138
2138 -> 576
2139 -> 2137
214 -> 89
2140 -> 2142
2141 -> 2140
2142 -> 1249
2143 -> 1369
2144 -> 2145
2145 -> 2143
2146 -> 2148
2147 -> 1166
2148 -> 2147
2149 -> 2151
215 -> 214
2150 -> 2434,935
2151 -> 2150
2152 -> 43
2153 -> 2152
2154 -> 2153
2155 -> 2157
2156 -> 776
2157 -> 2156
2158 -> 2160,2722
2159 -> 261
216 -> 215
2160 -> 2159
2161 -> 2162
2162 -> 2105
2163 -> 2161
2164 -> 1682
2165 -> 2166,2237
2166 -> 2164
2167 -> 2168
2168 -> 2169
2169 -> 1353,2399
217 -> 173
2170 -> 2172
2171 -> 1011
2172 -> 2171,2699
2173 -> 2175,2484
2174 -> 2173
2175 -> 2066
2176 -> 1469
2177 -> 2176
2178 -> 2177
2179 -> 2180
218 -> 219,797
2180 -> 2181
2181 -> 1446
2182 -> 1315
2183 -> 2182,2705
2184 -> 2183
2185 -> 2090
2186 -> 2187
2187 -> 2185
2188 -> 2190
2189 -> 2188
219 -> 1431,217
2190 -> 165
2191 -> 831
2192 -> 2193
2193 -> 2191
2194 -> 2195
2195 -> 2196
2196 -> 574
2197 -> 1084
2198 -> 2197
2199 -> 2198
22 -> 135,511,9
220 -> 222,742
2200 -> 571
2201 -> 2200
2202 -> 2201
2203 -> 2205
2204 -> 2203
2205 -> 776
2206 -> 1486
2207 -> 2208,2620
2208 -> 2206
2209 -> 2110
221 -> 1259,220
2210 -> 2211
2211 -> 2209
2212 -> 2214
2213 -> 2212,2885
2214 -> 371
2215 -> 2217,2377
2216 -> 0
2217 -> 2216,2520
2218 -> 2219
2219 -> 1665
222 -> 28,602,981
2220 -> 2218
2221 -> 1126
2222 -> 2221
2223 -> 2222
2224 -> 2225
2225 -> 2226
2226 -> 71
2227 -> 2229
2228 -> 2227
2229 -> 334
223 -> 224,2994
2230 -> 1410
2231 -> 2232
2232 -> 2230
2233 -> 2234
2234 -> 2235
2235 -> 972
2236 -> 2165
2237 -> 2238
2238 -> 2236
2239 -> 2241,2553
224 -> 110
2240 -> 1184
2241 -> 2240
2242 -> 2243
2243 -> 2244
2244 -> 174
2245 -> 2247
2246 -> 2007
2247 -> 2246
2248 -> 1981
2249 -> 2250
225 -> 223
2250 -> 2248
2251 -> 1156
2252 -> 2253
2253 -> 2251
2254 -> 1841
2255 -> 2256
2256 -> 2254
2257 -> 2259
2258 -> 676
2259 -> 2258
226 -> 110
2260 -> 2261
2261 -> 2262
2262 -> 1198
2263 -> 2265
2264 -> 1859
2265 -> 2264,2762
2266 -> 1256
2267 -> 2268
2268 -> 2266
2269 -> 2081
227 -> 1460,226,971
2270 -> 2271
2271 -> 2269,2290
2272 -> 2273
2273 -> 2274,2289
2274 -> 1194
2275 -> 1583
2276 -> 2277
2277 -> 2275
2278 -> 2059,2672,2939
2279 -> 2278
228 -> 1164,1401,227,504
2280 -> 2279
2281 -> 2283
2282 -> 2281
2283 -> 359
2284 -> 2286
2285 -> 2284
2286 -> 326
2287 -> 2288
2288 -> 2273
2289 -> 2287
229 -> 1071,204,870
2290 -> 2291,2522
2291 -> 2292
2292 -> 2271
2293 -> 2294
2294 -> 2095
2295 -> 2293
2296 -> 2298
2297 -> 2296,2395
2298 -> 1521
2299 -> 689
23 -> 1252,24,52
230 -> 1198,231
2300 -> 2301
2301 -> 2299
2302 -> 2303
2303 -> 1996
2304 -> 2302
2305 -> 819
2306 -> 2305
2307 -> 2306
2308 -> 2576,856
2309 -> 2308
231 -> 229
2310 -> 2309
2311 -> 567
2312 -> 2313
2313 -> 2311
2314 -> 2315
2315 -> 862
2316 -> 2314
2317 -> 2007
2318 -> 2319
2319 -> 2317
232 -> 1255,234
2320 -> 1029
2321 -> 2320
2322 -> 2321,2716
2323 -> 1038
2324 -> 2325
2325 -> 2323
2326 -> 2328
2327 -> 2004
2328 -> 2327
2329 -> 2330
233 -> 232
2330 -> 387
2331 -> 2329
2332 -> 2333
2333 -> 520
2334 -> 2332
2335 -> 2336
2336 -> 20
2337 -> 2335
2338 -> 2339
2339 -> 2340
234 -> 192
2340 -> 1147
2341 -> 2342
2342 -> 2343
2343 -> 1608
2344 -> 2346,2883
2345 -> 2344
2346 -> 1921
2347 -> 2349,2915
2348 -> 538
2349 -> 2348
235 -> 2134,236,326
2350 -> 2351
2351 -> 1958
2352 -> 2350
2353 -> 2355
2354 -> 2353
2355 -> 1238,2774
2356 -> 2358
2357 -> 332
2358 -> 2357
2359 -> 2360
236 -> 203,247
2360 -> 2361
2361 -> 702
2362 -> 1290
2363 -> 2364
2364 -> 2362
2365 -> 1106
2366 -> 2367
2367 -> 2365
2368 -> 927
2369 -> 2370
237 -> 235
2370 -> 2368
2371 -> 2373,2641
2372 -> 2371
2373 -> 1709
2374 -> 2375
2375 -> 2376
2376 -> 1775
2377 -> 2379
2378 -> 2215
2379 -> 2378
238 -> 240
2380 -> 2381
2381 -> 1475
2382 -> 2380
2383 -> 487
2384 -> 2383
2385 -> 2384
2386 -> 2387
2387 -> 1550
2388 -> 2386
2389 -> 2390
239 -> 1324,238,269
2390 -> 2391
2391 -> 1627
2392 -> 2393
2393 -> 2394
2394 -> 2034
2395 -> 2396
2396 -> 2397
2397 -> 2297
2398 -> 2169
2399 -> 2400,2660
24 -> 22,60
240 -> 49
2400 -> 2398
2401 -> 2402
2402 -> 2086
2403 -> 2401
2404 -> 661
2405 -> 2406
2406 -> 2404
2407 -> 2408
2408 -> 1971
2409 -> 2407
241 -> 184
2410 -> 2411
2411 -> 2412
2412 -> 2134
2413 -> 2415
2414 -> 2413
2415 -> 1508
2416 -> 2418
2417 -> 1894
2418 -> 2417
2419 -> 2420
242 -> 241
2420 -> 2421
2421 -> 1182,2738
2422 -> 2424
2423 -> 1471
2424 -> 2423
2425 -> 2426
2426 -> 433
2427 -> 2425
2428 -> 2429
2429 -> 2430
243 -> 242,528
2430 -> 1227
2431 -> 640
2432 -> 2431
2433 -> 2432
2434 -> 2435
2435 -> 2436
2436 -> 2150,2803
2437 -> 2439
2438 -> 2437
2439 -> 2091,2758
244 -> 1211,246
2440 -> 2442
2441 -> 2440
2442 -> 484
2443 -> 2445
2444 -> 2443
2445 -> 2043
2446 -> 2447
2447 -> 1021
2448 -> 2446
2449 -> 2451
245 -> 55
2450 -> 2632,2937,361
2451 -> 2450
2452 -> 2928,571
2453 -> 2452
2454 -> 2453
2455 -> 2457
2456 -> 2455
2457 -> 666
2458 -> 2086
2459 -> 2458
246 -> 1337,245,287
2460 -> 2459
2461 -> 2462
2462 -> 2463
2463 -> 1680
2464 -> 2466
2465 -> 2464
2466 -> 2524,483
2467 -> 2469
2468 -> 484
2469 -> 2468
247 -> 249,550,854
2470 -> 872
2471 -> 2472
2472 -> 2470
2473 -> 2475
2474 -> 2473
2475 -> 621
2476 -> 2478
2477 -> 1376
2478 -> 2477
2479 -> 2481
248 -> 1205,236,263
2480 -> 2479
2481 -> 1168,2625
2482 -> 2483
2483 -> 2173
2484 -> 2482
2485 -> 2486
2486 -> 2487
2487 -> 603
2488 -> 2490
2489 -> 101
249 -> 248
2490 -> 2489
2491 -> 1672
2492 -> 2491
2493 -> 2492
2494 -> 2496,2782
2495 -> 1031
2496 -> 2495
2497 -> 2498
2498 -> 2499
2499 -> 607
25 -> 26
250 -> 450,631,80
2500 -> 1438
2501 -> 2502
2502 -> 2500
2503 -> 2505
2504 -> 611
2505 -> 2504
2506 -> 2508,2876
2507 -> 986
2508 -> 2507
2509 -> 2510
251 -> 250
2510 -> 1434
2511 -> 2509
2512 -> 2134
2513 -> 2512
2514 -> 2513
2515 -> 1516
2516 -> 2515,2556
2517 -> 2516
2518 -> 2519
2519 -> 2217
252 -> 1466,1654,251,722
2520 -> 2518
2521 -> 2523
2522 -> 2521
2523 -> 2290
2524 -> 2526
2525 -> 2466
2526 -> 2525
2527 -> 704
2528 -> 2529
2529 -> 2527
253 -> 255
2530 -> 2532
2531 -> 2530
2532 -> 521
2533 -> 2534
2534 -> 2535
2535 -> 1064
2536 -> 608
2537 -> 2538
2538 -> 2536
2539 -> 2541
254 -> 42
2540 -> 885
2541 -> 2540
2542 -> 2544
2543 -> 2542
2544 -> 31
2545 -> 1965
2546 -> 2545
2547 -> 2546,2668
2548 -> 103
2549 -> 2550
255 -> 254
2550 -> 2548
2551 -> 2239
2552 -> 2551
2553 -> 2552
2554 -> 2555
2555 -> 2516,2823
2556 -> 2554
2557 -> 2558
2558 -> 1490
2559 -> 2557
256 -> 257
2560 -> 2561
2561 -> 1093
2562 -> 2560
2563 -> 2564
2564 -> 966
2565 -> 2563
2566 -> 2567
2567 -> 2568
2568 -> 2064
2569 -> 2570,2909
257 -> 140
2570 -> 2571
2571 -> 711
2572 -> 422
2573 -> 2574
2574 -> 2572
2575 -> 2308
2576 -> 2577
2577 -> 2575
2578 -> 2579
2579 -> 1433
258 -> 256
2580 -> 2578
2581 -> 2582
2582 -> 2583
2583 -> 1785
2584 -> 2588,588
2585 -> 2586
2586 -> 2584
2587 -> 2589
2588 -> 2587
2589 -> 2584
259 -> 260
2590 -> 2591
2591 -> 2592
2592 -> 268
2593 -> 2595
2594 -> 2593
2595 -> 856
2596 -> 2598
2597 -> 2596
2598 -> 1415
2599 -> 1881
26 -> 101,27,30,846
260 -> 1630,261
2600 -> 2601
2601 -> 2599,2833
2602 -> 284
2603 -> 2604
2604 -> 2602
2605 -> 2606
2606 -> 1029
2607 -> 2605
2608 -> 2609
2609 -> 2610
261 -> 1090,2158,79
2610 -> 478
2611 -> 2612
2612 -> 772
2613 -> 2611
2614 -> 2616
2615 -> 359
2616 -> 2615
2617 -> 2618
2618 -> 2619
2619 -> 86
262 -> 248,554
2620 -> 2622
2621 -> 2207
2622 -> 2621
2623 -> 2624
2624 -> 2481
2625 -> 2623
2626 -> 2628
2627 -> 601
2628 -> 2627
2629 -> 2631
263 -> 264
2630 -> 448
2631 -> 2630
2632 -> 2634
2633 -> 2450
2634 -> 2633
2635 -> 1205
2636 -> 2637
2637 -> 2635
2638 -> 2639
2639 -> 2640
264 -> 262,871
2640 -> 904
2641 -> 2643
2642 -> 2371
2643 -> 2642
2644 -> 2645
2645 -> 2646
2646 -> 1257
2647 -> 2648
2648 -> 1415
2649 -> 2647
265 -> 266
2650 -> 2651
2651 -> 2652
2652 -> 789
2653 -> 2655
2654 -> 2653
2655 -> 1559
2656 -> 2657
2657 -> 2658
2658 -> 1309
2659 -> 2399
266 -> 267,573
2660 -> 2661
2661 -> 2659
2662 -> 2663
2663 -> 1021
2664 -> 2662
2665 -> 2667
2666 -> 924
2667 -> 2666
2668 -> 2669
2669 -> 2670
267 -> 541,83
2670 -> 2547
2671 -> 2673
2672 -> 2671
2673 -> 2278
2674 -> 719
2675 -> 2676
2676 -> 2674
2677 -> 1419
2678 -> 2679
2679 -> 2677
268 -> 1240,239,2590
2680 -> 1804
2681 -> 2682
2682 -> 2680
2683 -> 2685
2684 -> 1580
2685 -> 2684
2686 -> 2688,2816
2687 -> 2686
2688 -> 1664
2689 -> 2690
269 -> 270,405
2690 -> 2691
2691 -> 552
2692 -> 2694
2693 -> 689
2694 -> 2693
2695 -> 2697
2696 -> 2695
2697 -> 1514
2698 -> 2700
2699 -> 2698
27 -> 11,70
270 -> 268
2700 -> 2172
2701 -> 1753
2702 -> 2701,2911
2703 -> 2702
2704 -> 2706
2705 -> 2704
2706 -> 2183
2707 -> 2009
2708 -> 2709
2709 -> 2707,2933
271 -> 211
2710 -> 1998,2733
2711 -> 2712
2712 -> 2710
2713 -> 2714
2714 -> 2715
2715 -> 1025
2716 -> 2717
2717 -> 2718
2718 -> 2322
2719 -> 2721
272 -> 271
2720 -> 2719
2721 -> 687
2722 -> 2724
2723 -> 2158
2724 -> 2723
2725 -> 2726
2726 -> 2727
2727 -> 1375
2728 -> 1084
2729 -> 2728
273 -> 272
2730 -> 2729
2731 -> 2710
2732 -> 2731
2733 -> 2732
2734 -> 2735
2735 -> 2736
2736 -> 472
2737 -> 2421
2738 -> 2739
2739 -> 2737
274 -> 1308,30
2740 -> 2741
2741 -> 2742
2742 -> 1910
2743 -> 2744
2744 -> 338
2745 -> 2743
2746 -> 461
2747 -> 2748
2748 -> 2746
2749 -> 1149
275 -> 1597,274
2750 -> 2749
2751 -> 2750
2752 -> 665
2753 -> 2752
2754 -> 2753
2755 -> 2757
2756 -> 1842
2757 -> 2756
2758 -> 2760
2759 -> 2439
276 -> 275
2760 -> 2759
2761 -> 2265
2762 -> 2763
2763 -> 2761
2764 -> 2765
2765 -> 106
2766 -> 2764
2767 -> 2769
2768 -> 2767
2769 -> 1898
277 -> 279,987
2770 -> 2772
2771 -> 1236
2772 -> 2771
2773 -> 2355
2774 -> 2775
2775 -> 2773
2776 -> 809
2777 -> 2778
2778 -> 2776
2779 -> 2781
278 -> 76,810
2780 -> 2779
2781 -> 1019
2782 -> 2784
2783 -> 2494
2784 -> 2783
2785 -> 2787
2786 -> 1490
2787 -> 2786
2788 -> 2790
2789 -> 2788
279 -> 278
2790 -> 1539
2791 -> 2793
2792 -> 2791
2793 -> 422
2794 -> 1249
2795 -> 2796
2796 -> 2794
2797 -> 2799
2798 -> 2797
2799 -> 1446
28 -> 221,29,35
280 -> 657,84
2800 -> 2802
2801 -> 2800
2802 -> 581
2803 -> 2804
2804 -> 2805
2805 -> 2436
2806 -> 859
2807 -> 2806
2808 -> 2807
2809 -> 2810
281 -> 282,312,720
2810 -> 2811
2811 -> 1629
2812 -> 159
2813 -> 2812
2814 -> 2813
2815 -> 2817
2816 -> 2815
2817 -> 2686
2818 -> 2819
2819 -> 2820
282 -> 280
2820 -> 1236
2821 -> 2822
2822 -> 2555
2823 -> 2821
2824 -> 2962,561
2825 -> 2824
2826 -> 2825
2827 -> 2829
2828 -> 2827
2829 -> 1826
283 -> 284
2830 -> 2831
2831 -> 181
2832 -> 2830
2833 -> 2834
2834 -> 2835
2835 -> 2601
2836 -> 2837
2837 -> 2838
2838 -> 1771
2839 -> 2841
284 -> 113,2603
2840 -> 2839
2841 -> 339
2842 -> 2844
2843 -> 1144
2844 -> 2843
2845 -> 2847
2846 -> 1751
2847 -> 2846
2848 -> 2850
2849 -> 2848
285 -> 283
2850 -> 1288
2851 -> 2852
2852 -> 1604
2853 -> 2851
2854 -> 2856
2855 -> 2854
2856 -> 1456,2990
2857 -> 2859
2858 -> 2857
2859 -> 1117
286 -> 1529,2074,288
2860 -> 914
2861 -> 2862
2862 -> 2860
2863 -> 2864
2864 -> 2865
2865 -> 1723
2866 -> 2867
2867 -> 2868
2868 -> 709
2869 -> 2870
287 -> 286
2870 -> 1143
2871 -> 2869
2872 -> 2873
2873 -> 2874
2874 -> 1141
2875 -> 2506
2876 -> 2877
2877 -> 2875
2878 -> 2880
2879 -> 2878
288 -> 1890,246,320
2880 -> 2058
2881 -> 2882
2882 -> 2344
2883 -> 2881
2884 -> 2213
2885 -> 2886
2886 -> 2884
2887 -> 2889
2888 -> 2887
2889 -> 875
289 -> 61
2890 -> 2892
2891 -> 2890
2892 -> 638
2893 -> 1778
2894 -> 2895
2895 -> 2893
2896 -> 2897
2897 -> 1228
2898 -> 2896
2899 -> 204
29 -> 178,26,495,569
290 -> 1384,291,698
2900 -> 2899
2901 -> 2900
2902 -> 564
2903 -> 2902
2904 -> 2903
2905 -> 2906
2906 -> 1022
2907 -> 2905
2908 -> 2569
2909 -> 2910
291 -> 1937,289
2910 -> 2908
2911 -> 2913
2912 -> 2702
2913 -> 2912
2914 -> 2347
2915 -> 2916,2980
2916 -> 2914
2917 -> 1322
2918 -> 2917
2919 -> 2918
292 -> 66
2920 -> 2922
2921 -> 1839
2922 -> 2921
2923 -> 2924
2924 -> 2925
2925 -> 1896
2926 -> 2452
2927 -> 2926
2928 -> 2927
2929 -> 559
293 -> 1179,294,581
2930 -> 2931
2931 -> 2929
2932 -> 2709
2933 -> 2934
2934 -> 2932
2935 -> 2936
2936 -> 2450
2937 -> 2935
2938 -> 2278
2939 -> 2940
294 -> 292
2940 -> 2938
2941 -> 2942
2942 -> 1652
2943 -> 2941
2944 -> 2946
2945 -> 1422
2946 -> 2945
2947 -> 2949
2948 -> 1310
2949 -> 2948
295 -> 190
2950 -> 2952
2951 -> 2950
2952 -> 1663
2953 -> 2955
2954 -> 2953
2955 -> 573
2956 -> 1050
2957 -> 2956
2958 -> 2957
2959 -> 2960
296 -> 295
2960 -> 1521
2961 -> 2959
2962 -> 2963
2963 -> 2964
2964 -> 2824
2965 -> 2967
2966 -> 2965
2967 -> 973
2968 -> 2969
2969 -> 1812
297 -> 296
2970 -> 2968
2971 -> 2973
2972 -> 1602
2973 -> 2972
2974 -> 2976
2975 -> 2974
2976 -> 76
2977 -> 2979
2978 -> 1346
2979 -> 2978
298 -> 300,409
2980 -> 2982
2981 -> 2915
2982 -> 2981
2983 -> 2984
2984 -> 1885
2985 -> 2983
2986 -> 2987
2987 -> 2988
2988 -> 1891
2989 -> 2991
299 -> 188
2990 -> 2989
2991 -> 2856
2992 -> 223
2993 -> 2992
2994 -> 2993
2995 -> 2996
2996 -> 980
2997 -> 2995
2998 -> 2999
2999 -> 3000
3 -> 2,6
30 -> 276,28,385
300 -> 299
3000 -> 12
301 -> 303,393
302 -> 301
303 -> 740,78
304 -> 113
305 -> 304,751
306 -> 1960,305
307 -> 309
308 -> 118,1535,1658
309 -> 308
31 -> 107,2543,33
310 -> 281
311 -> 1859,310,477
312 -> 1278,311
313 -> 2044,315,525
314 -> 150,1881
315 -> 314
316 -> 317,690
317 -> 1693,9
318 -> 1868,316
319 -> 321,630
32 -> 18
320 -> 1760,319,452
321 -> 288
322 -> 323
323 -> 324
324 -> 175,349,564
325 -> 1469,1730,1849,235,463
326 -> 2285,327,674
327 -> 325
328 -> 1918,329,599,787
329 -> 1494,161,777
33 -> 32,390,667,95
330 -> 328
331 -> 332,486
332 -> 170,2356
333 -> 331,885
334 -> 195,2228
335 -> 1510,334
336 -> 335,596
337 -> 339
338 -> 2745,337,466
339 -> 173,2840
34 -> 28,644
340 -> 342
341 -> 353,426,83,843
342 -> 341
343 -> 58,682
344 -> 345
345 -> 1585,343
346 -> 348,407
347 -> 1078,346,455
348 -> 1688,206,480,942
349 -> 351
35 -> 112,36,703
350 -> 324,431
351 -> 350,891
352 -> 341,501
353 -> 354,415,616
354 -> 1539,352
355 -> 1103,170,522,874
356 -> 355
357 -> 356
358 -> 359,696
359 -> 2282,2614,360
36 -> 142,1567,1697,34,540
360 -> 1294,160,817
361 -> 2449,83
362 -> 361
363 -> 362,439
364 -> 130
365 -> 364
366 -> 1012,365
367 -> 54
368 -> 367
369 -> 368
37 -> 19
370 -> 1051,1617,204
371 -> 2213,372
372 -> 370
373 -> 375
374 -> 373
375 -> 0
376 -> 151
377 -> 376
378 -> 377,905
379 -> 380
38 -> 154,39
380 -> 163
381 -> 379
382 -> 592,9
383 -> 384,435
384 -> 382,488
385 -> 387,926
386 -> 1010,30,754
387 -> 2331,386
388 -> 33
389 -> 388
39 -> 111,123,1412,37,481
390 -> 1107,1845,389
391 -> 301
392 -> 391,887
393 -> 392,574
394 -> 396
395 -> 394,992
396 -> 154
397 -> 398
398 -> 1134,83
399 -> 1025,397
4 -> 459,5
40 -> 41
400 -> 1974,95
401 -> 402
402 -> 1381,400
403 -> 404
404 -> 269
405 -> 403
406 -> 346
407 -> 1361,408,587
408 -> 406
409 -> 411
41 -> 137,18,56,713
410 -> 298,814,974
411 -> 410
412 -> 413
413 -> 414,508,518
414 -> 1225,212
415 -> 416
416 -> 417
417 -> 353
418 -> 420,516
419 -> 164,730,865
42 -> 253,40,47,74,79
420 -> 419
421 -> 422
422 -> 1287,2573,2792,423,914
423 -> 7
424 -> 2123,341,783,899
425 -> 424
426 -> 425
427 -> 429
428 -> 51
429 -> 428
43 -> 2154,45
430 -> 432
431 -> 430
432 -> 1314,350
433 -> 2427,383
434 -> 433
435 -> 434
436 -> 438
437 -> 1734,436
438 -> 184
439 -> 1153,441
44 -> 1214,43
440 -> 363
441 -> 440
442 -> 174
443 -> 444,931
444 -> 442
445 -> 175
446 -> 447
447 -> 445,686,829
448 -> 250,2629,786
449 -> 448
45 -> 11
450 -> 1980,449
451 -> 453
452 -> 451
453 -> 320
454 -> 1886,347
455 -> 456
456 -> 454,490
457 -> 458,604,792
458 -> 4,585
459 -> 1223,457
46 -> 42
460 -> 461,497
461 -> 164,2747
462 -> 460
463 -> 465,590
464 -> 325,960
465 -> 1122,464
466 -> 467
467 -> 468
468 -> 338
469 -> 157
47 -> 48
470 -> 471
471 -> 469
472 -> 2734,473
473 -> 1165,1274,69
474 -> 472
475 -> 2071,476
476 -> 1265,311
477 -> 475
478 -> 1815,2608,348,627
479 -> 478
48 -> 46
480 -> 479
481 -> 1171,1364,1545,1883,483
482 -> 39
483 -> 2465,482
484 -> 2441,2467,485
485 -> 1826,331
486 -> 484
487 -> 2385,384,821
488 -> 1004,2133,489
489 -> 487,677
49 -> 239,50,68
490 -> 491,799
491 -> 492
492 -> 456
493 -> 1579,29
494 -> 493
495 -> 494
496 -> 460
497 -> 498
498 -> 496
499 -> 500
5 -> 3
50 -> 12
500 -> 352,922
501 -> 499
502 -> 228
503 -> 1820,502
504 -> 1387,503
505 -> 70
506 -> 1316,507
507 -> 505
508 -> 510,768
509 -> 413
51 -> 1217,161,427,49
510 -> 509
511 -> 513
512 -> 1565,22
513 -> 512
514 -> 418
515 -> 514,857
516 -> 515
517 -> 519
518 -> 1330,1506,517
519 -> 413
52 -> 149,54,91
520 -> 2334,521,795
521 -> 1201,1416,2531,355
522 -> 520
523 -> 1620,524
524 -> 313
525 -> 523
526 -> 243
527 -> 1410,526
528 -> 527
529 -> 531
53 -> 23
530 -> 197
531 -> 1557,2043,530
532 -> 534,836
533 -> 195
534 -> 1714,533
535 -> 537
536 -> 535
537 -> 154
538 -> 1098,2347,36
539 -> 538
54 -> 1352,369,53
540 -> 539
541 -> 542
542 -> 543
543 -> 267
544 -> 545
545 -> 546
546 -> 1481,1725,76
547 -> 548
548 -> 549,558,757
549 -> 145
55 -> 244,41,879
550 -> 552,952
551 -> 247
552 -> 2689,551
553 -> 555
554 -> 1160,1779,553
555 -> 1476,262
556 -> 557
557 -> 548
558 -> 556
559 -> 181,2930
56 -> 1058,57,83,944
560 -> 559
561 -> 2826,560
562 -> 324,806
563 -> 562
564 -> 2904,563
565 -> 566
566 -> 1443,1495,567
567 -> 152,2312
568 -> 29
569 -> 570
57 -> 55
570 -> 1692,568
571 -> 2202,2454,266
572 -> 571
573 -> 2954,572
574 -> 2194,576
575 -> 1950,393
576 -> 2139,575
577 -> 13
578 -> 579,665
579 -> 577
58 -> 1145,24,344,98
580 -> 293
581 -> 2801,582
582 -> 580
583 -> 1020,458
584 -> 583
585 -> 584
586 -> 588,619
587 -> 586
588 -> 2585,407
589 -> 591
59 -> 58
590 -> 589
591 -> 463
592 -> 594
593 -> 382
594 -> 593
595 -> 597,803
596 -> 595
597 -> 336
598 -> 600
599 -> 1772,598
6 -> 4,7
60 -> 59,88
600 -> 328
601 -> 1852,222,2626
602 -> 603
603 -> 2485,601
604 -> 606
605 -> 457
606 -> 1139,1642,605,622
607 -> 2497,608
608 -> 1125,2537,609
609 -> 66
61 -> 1038,290,62
610 -> 79
611 -> 2503,610
612 -> 611
613 -> 614
614 -> 615
615 -> 209
616 -> 618
617 -> 353
618 -> 617
619 -> 621
62 -> 63
620 -> 586
621 -> 2474,620
622 -> 624
623 -> 606
624 -> 623,909
625 -> 478
626 -> 625
627 -> 626
628 -> 319
629 -> 628
63 -> 19
630 -> 629,641
631 -> 632
632 -> 633
633 -> 250
634 -> 635,679
635 -> 636,994
636 -> 142
637 -> 1219,639
638 -> 2891,637
639 -> 1180,193
64 -> 65,661
640 -> 2433,630
641 -> 1237,642
642 -> 640
643 -> 2109,645
644 -> 643
645 -> 34,773
646 -> 648
647 -> 203
648 -> 1088,647
649 -> 187
65 -> 1559,77,9
650 -> 649
651 -> 650
652 -> 171
653 -> 1065,652
654 -> 653,672
655 -> 280
656 -> 655,764,956
657 -> 656
658 -> 660
659 -> 658
66 -> 130,293,607,64
660 -> 191
661 -> 2405,663
662 -> 64
663 -> 662,849
664 -> 578,983
665 -> 1047,2754,666
666 -> 1380,2456,664
667 -> 668,921
668 -> 669
669 -> 33
67 -> 69
670 -> 654
671 -> 670
672 -> 1541,671
673 -> 1309,326
674 -> 675,813
675 -> 673,937
676 -> 1175,2257,678
677 -> 676,863
678 -> 489
679 -> 1649,680
68 -> 67
680 -> 681
681 -> 634
682 -> 1262,684
683 -> 2015,343
684 -> 683
685 -> 687
686 -> 685
687 -> 1809,2720,447
688 -> 1818,316
689 -> 2300,2692,688
69 -> 474,49
690 -> 689
691 -> 202
692 -> 1374,693,966
693 -> 691
694 -> 695
695 -> 1824,358,882
696 -> 694
697 -> 290
698 -> 699,762
699 -> 1963,697
7 -> 16,421,734,9
70 -> 1015,506,72
700 -> 1945,702
701 -> 700
702 -> 14,2359
703 -> 704
704 -> 2528,705
705 -> 35,947
706 -> 11
707 -> 708
708 -> 706
709 -> 115,2866
71 -> 2224,27
710 -> 711
711 -> 1473,2569,709
712 -> 41
713 -> 714
714 -> 712
715 -> 188
716 -> 2070,717
717 -> 715
718 -> 719
719 -> 2675,281
72 -> 141,71
720 -> 718
721 -> 252
722 -> 723
723 -> 1427,721
724 -> 132,1437
725 -> 1489,726
726 -> 724
727 -> 145
728 -> 729
729 -> 727
73 -> 127,42
730 -> 731
731 -> 732
732 -> 419
733 -> 735
734 -> 1866,733
735 -> 7
736 -> 178
737 -> 736
738 -> 1574,737
739 -> 1549,741
74 -> 75
740 -> 739
741 -> 303
742 -> 744
743 -> 1676,220,745
744 -> 743
745 -> 1194,747
746 -> 743
747 -> 1699,746
748 -> 86,977
749 -> 2032,748
75 -> 73
750 -> 749,832
751 -> 1608,753
752 -> 305
753 -> 1302,752
754 -> 755
755 -> 756
756 -> 1158,386
757 -> 758
758 -> 759
759 -> 548
76 -> 277,2975,544,65
760 -> 1685,698
761 -> 760
762 -> 761
763 -> 1030,765
764 -> 1344,763
765 -> 656
766 -> 767
767 -> 508
768 -> 766
769 -> 771
77 -> 78
770 -> 1433,165
771 -> 770
772 -> 1231,2613,645
773 -> 1627,774
774 -> 772
775 -> 776,824
776 -> 2155,2204,329
777 -> 775
778 -> 780
779 -> 778
78 -> 302,76
780 -> 120
781 -> 424,962
782 -> 781
783 -> 782
784 -> 785
785 -> 448,949
786 -> 784
787 -> 789
788 -> 328
789 -> 2650,788
79 -> 1398,259,612,80
790 -> 791
791 -> 457
792 -> 790
793 -> 520
794 -> 793
795 -> 1029,794
796 -> 218
797 -> 798
798 -> 796
799 -> 800
8 -> 147,174,6
80 -> 1185,252,81
800 -> 801
801 -> 490
802 -> 595
803 -> 804,918
804 -> 802
805 -> 807
806 -> 805
807 -> 562,928
808 -> 1141,809
809 -> 2777,278
81 -> 187,42
810 -> 808
811 -> 674
812 -> 1187,811
813 -> 812
814 -> 815
815 -> 1288,1328,1710,816
816 -> 410
817 -> 819
818 -> 360
819 -> 2307,818
82 -> 84
820 -> 822
821 -> 820
822 -> 1075,487
823 -> 775
824 -> 1283,825
825 -> 823
826 -> 1319,827
827 -> 208
828 -> 826
829 -> 831
83 -> 265,340,363,399,82
830 -> 447
831 -> 2192,830
832 -> 834
833 -> 750
834 -> 833
835 -> 837
836 -> 835
837 -> 1230,2000,532
838 -> 1100,839
839 -> 137
84 -> 281,56,895
840 -> 838
841 -> 1095,341
842 -> 1008,841
843 -> 842
844 -> 26
845 -> 1532,2008,844
846 -> 845
847 -> 663
848 -> 847
849 -> 848
85 -> 167,183,87
850 -> 851
851 -> 852,892
852 -> 201
853 -> 855
854 -> 1149,853
855 -> 247
856 -> 2310,2594,515
857 -> 858
858 -> 1942,856
859 -> 2808,861
86 -> 1040,1509,2617,750,85
860 -> 108,1417
861 -> 860
862 -> 2316,864
863 -> 1448,862
864 -> 677
865 -> 866
866 -> 867
867 -> 419
868 -> 1303,229
869 -> 868
87 -> 11
870 -> 869
871 -> 873
872 -> 1904,2471,264
873 -> 872
874 -> 875
875 -> 1968,2888,876
876 -> 1323,355
877 -> 55
878 -> 877
879 -> 878
88 -> 89
880 -> 881
881 -> 695
882 -> 880
883 -> 1074,333,968
884 -> 883
885 -> 2539,884
886 -> 888
887 -> 886
888 -> 1339,392
889 -> 890
89 -> 1907,216,90
890 -> 351
891 -> 1516,889
892 -> 893
893 -> 894
894 -> 851
895 -> 897
896 -> 1023,84
897 -> 896
898 -> 900
899 -> 898
9 -> 13,1335,23,318,383,66,8
90 -> 1863,199,60
900 -> 424
901 -> 902
902 -> 903
903 -> 198
904 -> 2638,906
905 -> 904
906 -> 378
907 -> 908
908 -> 624
909 -> 907
91 -> 93
910 -> 911
911 -> 102,1515
912 -> 910
913 -> 915
914 -> 2017,2861,913
915 -> 422
916 -> 1444,917
917 -> 803
918 -> 916
919 -> 1115,1209,667
92 -> 52
920 -> 919
921 -> 920
922 -> 923
923 -> 924
924 -> 2665,500
925 -> 1463,385
926 -> 927
927 -> 2369,925
928 -> 929
929 -> 1191,930
93 -> 120,1635,92
930 -> 807
931 -> 932
932 -> 933
933 -> 443
934 -> 936,999
935 -> 120,2149
936 -> 935
937 -> 938
938 -> 939
939 -> 675
94 -> 33
940 -> 941
941 -> 348
942 -> 1612,940
943 -> 1500,1840,2004,945
944 -> 943
945 -> 56
946 -> 1420,948
947 -> 946
948 -> 1794,705
949 -> 951
95 -> 401,96
950 -> 785
951 -> 950
952 -> 954
953 -> 550
954 -> 1837,953
955 -> 656
956 -> 957
957 -> 955
958 -> 959
959 -> 464
96 -> 94
960 -> 958
961 -> 963
962 -> 961
963 -> 781
964 -> 692
965 -> 964
966 -> 2565,965
967 -> 883
968 -> 969
969 -> 967
97 -> 58
970 -> 972
971 -> 970
972 -> 1358,2233,227
973 -> 2966,975
974 -> 973
975 -> 410
976 -> 978
977 -> 976
978 -> 2092,748
979 -> 1753,222
98 -> 99
980 -> 2997,979
981 -> 980
982 -> 664
983 -> 984
984 -> 982
985 -> 986
986 -> 2506,277
987 -> 1394,985
988 -> 989
989 -> 990
99 -> 103,97,988
990 -> 1066,99
991 -> 395
992 -> 1002,993
993 -> 991
994 -> 995
995 -> 1298,996
996 -> 635
997 -> 998
998 -> 934
999 -> 997
